{
    "length": 29.742616033755276,
    "str_em": 30.007032348804497,
    "str_hit": 8.755274261603375,
    "rougeLsum": 35.669393105514594,
    "QA-EM": 18.481012658227847,
    "QA-F1": 24.05921953190998,
    "QA-Hit": 3.375527426160337,
    "mauve": 75.22078268174025,
    "citation_rec": 50.22327707454289,
    "citation_prec": 63.71308016877637
}